  13 0013330083
  13 0008822110
  13 0006545845
  12 0009411932
  12 0008820541
  12 0008820504
  11 0013328537
  11 0009537160
  11 0008821446
  11 0008820372
  11 0008819914
  10 0013327177
  10 0008820677
  10 0008820540
  10 0008820005
  10 0006542647
   9 0013329113
   9 0009412831
   9 0008822026
   9 0008821929
   9 0008821823
   9 0008821261
   9 0008821050
   9 0008820413
   9 0006546271
   9 0006545830
   9 0006542792
   9 0006542791
   8 0013331072
   8 0013329884
   8 0013329104
   8 0008822108
   8 0008821726
   8 0008821661
   8 0008821568
   8 0008821455
   8 0008821070
   8 0008820788
   8 0008820729
   8 0008820539
   8 0008820416
   8 0006552915
   8 0006546302
   8 0000000000
   7 0013326513
   7 0009535417
   7 0009411889
   7 0008822516
   7 0008822049
   7 0008822025
   7 0008821968
   7 0008821665
   7 0008821278
   7 0008820722
   7 0008820704
   7 0008820495
   7 0008820405
   7 0006542761
   6 0013329600
   6 0008822490
   6 0008822136
   6 0008821810
   6 0008821437
   6 0008821398
   6 0008821374
   6 0008821372
   6 0008820978
   6 0008820766
   6 0008820650
   6 0008820000
   6 0008813266
   6 0006541790
   6 0006541770
   6 0006541764
   6 0006541759
   5 0013329879
   5 0013329181
   5 0013326498
   5 0009533861
   5 0009532737
   5 0009526172
   5 0009392289
   5 0008822512
   5 0008822106
   5 0008822066
   5 0008822059
   5 0008821475
   5 0008821177
   5 0008821132
   5 0008821108
   5 0008821000
   5 0008820973
   5 0008820907
   5 0008820853
   5 0008820585
   5 0008820565
   5 0008820547
   5 0008820353
   5 0008820326
   5 0008820207
   5 0008820087
   5 0006542760
   5 0006541773
   4 0013329579
   4 0013329106
   4 0013328542
   4 0013328310
   4 0009537945
   4 0009529501
   4 0009528623
   4 0009411979
   4 0009392301
   4 0008822141
   4 0008822037
   4 0008821984
   4 0008821904
   4 0008821860
   4 0008821721
   4 0008821560
   4 0008821450
   4 0008821394
   4 0008821313
   4 0008821271
   4 0008820996
   4 0008820844
   4 0008820835
   4 0008820724
   4 0008820603
   4 0008820581
   4 0008820530
   4 0008820524
   4 0008820460
   4 0008820449
   4 0008820389
   4 0008820339
   4 0008820169
   4 0008820051
   4 0008813337
   4 0008813316
   4 0008813260
   4 0008813240
   4 0006561234
   4 0006546290
   4 0006545307
   4 0006545262
   3 0013330090
   3 0013329601
   3 0013329180
   3 0013329092
   3 0009411918
   3 0009392288
   3 0009392023
   3 0009389104
   3 0009389087
   3 0009389085
   3 0008822120
   3 0008821761
   3 0008821727
   3 0008821555
   3 0008821503
   3 0008821462
   3 0008821282
   3 0008821226
   3 0008821190
   3 0008821129
   3 0008821014
   3 0008820998
   3 0008820969
   3 0008820680
   3 0008820679
   3 0008820452
   3 0008820107
   3 0008820003
   3 0008819925
   3 0008819912
   3 0008813331
   3 0008813290
   3 0008813085
   3 0006545849
   3 0006544344
   3 0006542637
   2 0013330060
   2 0013329165
   2 0013328312
   2 0013328309
   2 0013326533
   2 0009411972
   2 0008821946
   2 0008821943
   2 0008821941
   2 0008821834
   2 0008821355
   2 0008821353
   2 0008820959
   2 0008820901
   2 0008820813
   2 0008820748
   2 0008820442
   2 0008820388
   2 0008820194
   2 0008820144
   2 0008820128
   2 0008820122
   2 0008820025
   2 0008819945
   2 0008819895
   2 0008813265
   2 0008813051
   2 0006546286
   2 0006544341
   2 0006542800
   2 0006542766
   2 0006541766
   1 0013328507
   1 0009543460
   1 0009526072
   1 0009411968
   1 0009392270
   1 0008821914
   1 0008821310
   1 0008821192
   1 0008821104
   1 0008820771
   1 0008819922
   1 0008813311
   1 0006545841
   1 0006545825
   1 0006544340
